1	0.0274311	0	0.0397121	0.1451717	0.085058	0.0602	0.0065275	0	0	0	0	0	0.189671	0	0.0592936	0.0183359	0.0023344	0	0.0159756	0	0.0104364	0.0408623	0	0.0009791	0.0220313	0.0021402	0	0	0	0	0.2024511	0.0327171	0	0.0206569	0.0135933	0.0044214
1	0	0	0.0036316	0.2860243	0.1390261	0.0036938	0.0698494	0.0016269	0.0198523	0	0.023974	0	0.0089291	0	0	0	0	0	0	0.0263424	0	0.0070023	0.0097975	0.0010272	0	0	0	0	0	0.0282507	0.3554547	0	0.0155177	0	0	0
1	0	0	0.023398	0.2065001	0.1465353	0.0178813	0.0350406	0	0	0	0.0892278	0.019778	0.0940352	0	0	0	0	0	0	0	0	0	0.0020433	0	0.0254557	0	0	0	0	0	0.3401046	0	0	0	0	0
1	0.0259027	0	0	0.3306572	0.11344	0.0191971	0	0	0.0028505	0	0	0	0.0348294	0	0	0	0	0	0	0.1139067	0	0.0281651	0.0108452	0.0194869	0.0081941	0	0	0	0	0	0.2225889	0	0	0	0.069936	0
1	0	0.0269141	0.0201461	0.2095253	0.1280196	0.13079	0	0.020293	0.0074348	0	0.0250061	0	0.0266981	0	0	0	0.0238747	0.0069866	0	0.0081677	0	0	0	0.00452	0.02481	0	0.0271321	0	0	0	0.2438584	0	0.058958	0.0068653	0	0
1	0	0	0	0.3356216	0.1828124	0	0.0220308	0	0.0277409	0	0.0555934	0	0.0510212	0	0	0.0188728	0	0	0	0	0	0	0	0	0.0214318	0	0	0	0	0.0268862	0.2488166	0	0	0.0091724	0	0
1	0	0	0.0139137	0.0764132	0.3848887	0	0	0	0.0289439	0	0.0558881	0	0.0775636	0.0272078	0	0	0	0	0	0.0257757	0	0	0.0049671	0	0	0	0	0	0	0	0.3044384	0	0	0	0	0
1	0	0	0	0.225918	0.0930382	0.0310366	0	0	0.0025589	0.0571772	0.0556211	0	0.0121724	0	0	0	0	0.0004082	0.0069939	0.0112241	0	0.0165172	0	0	0	0	0	0	0	0.0420507	0.4452835	0	0	0	0	0
1	0.0045127	0	0.0510738	0.0905982	0.1995455	0.0677361	0.0314396	0	0.0024243	0	0.0143743	0	0.0458633	0	0	0	0	0	0	0.0019929	0	0	0	0	0	0	0	0.0111019	0	0	0.4332428	0.0145698	0.0103267	0	0.021198	0
1	0.0186328	0.0130575	0.0179779	0.1660379	0.0568693	0	0	0	0	0	0	0	0.0554104	0.0151176	0	0	0	0	0	0.0122051	0	0.0180376	0.005545	0	0.010254	0	0.0165592	0	0	0	0.5494864	0	0.0448092	0	0	0
1	0.0267447	0	0	0.1870025	0.0791324	0	0.058594	0	0	0.0135815	0	0	0.0484037	0	0	0	0	0.034848	0	0.0114326	0	0	0	0.0018102	0	0	0	0	0	0	0.5384503	0	0	0	0	0
1	0.0361046	0	0	0.2111995	0.1270293	0	0	0	0.0502167	0	0	0	0.0533504	0	0	0	0	0.0363046	0.0019902	0.021164	0	0	0	0	0.0474658	0	0	0	0	0	0.4089959	0	0	0	0	0.0061791
1	0.0158789	0.0021501	0	0.3274767	0.0568483	0.0449704	0	0	0.0014473	0	0.0039476	0	0.0464347	0	0.0080847	0	0.0142409	0	0.002808	0.0023565	0	0	0.0222055	0	0.0326157	0	0	0	0	0.0197508	0.3970002	0	0	0	0	0.0017836
1	0	0.0055789	0.0442156	0.0859875	0.2296511	0.0696958	0.0290788	0	0.0533879	0	0.1881099	0	0.001637	0	0	0	0.0139723	0	0	0.0016045	0.0342832	0	0	0	0	0	0	0	0	0.0299446	0.1116773	0	0.1011755	0	0	0
1	0.0413943	0.0081055	0	0.2384917	0.1233209	0.03782	0	0	0	0	0.0310788	0	0.0260267	0	0.0012256	0	0	0	0	0.0017129	0	0	0.0531026	0.0110649	0.0333944	0	0	0	0	0	0.3839919	0	0	0.0092698	0	0
1	0	0	0.0119567	0.2007668	0.1159033	0.0526708	0.0313179	0	0	0	0.0160252	0	0.0330795	0	0	0	0.002637	0.0098448	0	0.0156896	0	0.0017756	0	0.018776	0	0	0	0	0.0022107	0.0087708	0.4572904	0.0060013	0	0.0096847	0.0055988	0
1	0	0	0	0.4139688	0.1557335	0.0300364	0.1045204	0.0181298	0	0	0	0	0	0	0	0	0	0	0	0.0063579	0.0079823	0	0	0.0252008	0	0	0	0.010535	0.016443	0	0.2110921	0	0	0	0	0
2	0	0	0.0524324	0.6119847	0	0.0360216	0.0134772	0.0175864	0.0161123	0	0	0	0.0589458	0	0	0.0103922	0.0040839	0.0065937	0.0074309	0	0	0	0	0	0	0	0	0	0.0309293	0.0009996	0.13301	0	0	0	0	0
2	0	0.0029809	0.0001895	0.2372805	0.1825355	0.0323496	0	0	0	0	0.0304626	0	0.049618	0	0	0	0	0	0	0.00572	0.0076321	0	0	0	0.0059121	0	0.0112903	0	0	0	0.4340288	0	0	0	0	0
2	0	0.005833	0	0.2730645	0.2594553	0.0669436	0.0157492	0	0.0079524	0	0.0071007	0	0.0005908	0	0	0	0	0.0038221	0.0077131	0	0	0	0.002153	0	0.0163609	0	0.0043277	0	0.0161914	0	0.311215	0.000335	0	0	0	0.0011922
2	0	0.0090595	0	0.3159041	0.0723062	0.0456793	0	0	0.0017461	0	0.0333983	0.0021292	0.0021699	0	0	0	0.0039166	0	0.001623	0.0063034	0	0.0319349	0	0	0	0	0	0.0076958	0	0.0130119	0.453122	0	0	0	0	0
2	0.0666125	0.0672937	0	0.0591392	0	0	0.0616386	0	0	0	0	0	0.0075099	0	0	0	0	0	0	0.0475172	0	0	0	0	0	0	0	0	0	0	0.674816	0	0.0143057	0.0011672	0	0
2	0	0	0	0.299869	0.0920498	0.0033625	0.0130237	0	0	0	0	0	0.0210711	0	0	0	0	0.0018924	0	0.4649236	0	0	0	0	0	0	0	0	0	0	0.0781618	0.025646	0	0	0	0
2	0	0	0	0.3711972	0.1139317	0	0.1101275	0	0	0	0.0865013	0	0.0054242	0.0141321	0	0	0	0	0	0.0067127	0	0	0	0	0	0	0	0	0	0	0.2919732	0	0	0	0	0
2	0	0	0.0074903	0.1088529	0.0952794	0.0133545	0.013332	0.0054123	0.0059876	0.0059291	0.0302439	0	0.0289017	0.0069861	0	0	0	0	0	0.0150416	0	0	0	0	0.039135	0	0	0	0.0046429	0.0074691	0.5957903	0	0	0.0142501	0	0.0019014
2	0.0236236	0	0.0153268	0.2643825	0.0855396	0	0	0.0035812	0.0143885	0.0254382	0.0031721	0	0.0376852	0	0	0.016918	0	0.0121566	0	0.0479856	0	0.0079588	0	0	0.0176963	0	0	0.0010623	0	0	0.3759634	0	0.0471214	0	0	0
3	0	0.029365	0.0161809	0.3624786	0.2597372	0.0157581	0.0079865	0	0	0	0	0	0.0248105	0	0	0	0	0.0083014	0.0139307	0.0115597	0	0	0	0	0.0095125	0.0184417	0	0.0046061	0	0	0.1882511	0.0087595	0	0	0	0.0203204
3	0	0	0.0071177	0.1565194	0.2186592	0.0238051	0.0356556	0.0212904	0.0061125	0	0.0184794	0	0.1362643	0	0.0122441	0	0.0106873	0.0078822	0.060871	0.0757937	0	0	0	0.0012011	0.0680719	0.0122116	0.0063933	0	0.0361366	0	0.0638646	0	0	0.0031501	0	0.0175889
3	0	0.0367328	0	0.1939751	0.2495405	0	0.0274483	0.0172419	0.0025468	0	0.032679	0	0	0	0.0001561	0	0	0.0187371	0.0117456	0.0144121	0	0	0.0175767	0.0055737	0.0269066	0	0	0	0	0	0.2819715	0.0067442	0	0	0.056012	0
3	0.0408312	0	0.0138722	0.2004827	0.1213189	0.003887	0	0	0.0048276	0	0.0293003	0	0.1132514	0.0240283	0.0020374	0	0	0	0.0119492	0.006226	0.0083103	0	0.0377224	0	0.0327134	0.0088691	0	0.0369299	0	0	0.2907889	0.00732	0.0016426	0.0036911	0	0
3	0.0676328	0	0.0122016	0.0926983	0.003223	0.0499721	0	0.0135743	0	0	0.0114546	0	0.362012	0.0362163	0	0.0034161	0	0	0	0.0111295	0	0	0	0	0.0985657	0	0	0	0	0	0.2131231	0	0	0.0247806	0	0
3	0	0	0.0068918	0.3176086	0.0663341	0.0981518	0.0511818	0.0041991	0.0004675	0	0.0191885	0	0	0	0	0	0	0	0	0.0315901	0	0	0	0.0032687	0.0312691	0	0	0	0	0	0.3433778	0	0.0238979	0.0004319	0	0.0021414
3	0	0	0.0256187	0.1627105	0.1432046	0.0027672	0	0.0380802	0	0	0	0.0150141	0.1326447	0	0	0	0	0	0	0	0	0.0252076	0.001469	0	0.0032392	0.016709	0.006839	0.0452155	0	0.0122377	0.2057106	0	0.0093506	0	0.1539817	0
3	0.0593134	0	0.0118495	0.0977521	0.3014177	0.077233	0.0160656	0	0.0046654	0	0.0076428	0	0	0	0	0.0010031	0	0	0	0.0455211	0	0.0442095	0	0	0.0157573	0	0	0	0.0299309	0.0238631	0.2637754	0	0	0	0	0
3	0	0	0	0.3031318	0.0875776	0.056326	0	0	0	0	0.0146224	0	0.0606306	0	0	0	0	0	0	0	0	0	0	0	0.0277271	0	0	0	0	0.0412386	0.3988672	0	0.0069759	0	0	0.0029028
3	0.0022781	0	0.0230178	0.2069384	0.0978036	0.0553824	0	0	0.0040213	0.0113826	0.0432099	0	0.0129705	0.0082121	0.0173458	0	0.0257526	0.0196172	0	0.026218	0	0	0	0.0087917	0.0210139	0	0.0157366	0.0047571	0	0.0066217	0.3331385	0	0	0	0.0521062	0.003684
3	0.0452569	0	0	0.1910593	0.2784752	0	0	0	0	0	0	0.0095037	0.0798734	0	0.0197175	0.0054419	0	0	0	0	0	0	0	0.0127333	0.0604941	0.0088806	0.0250935	0	0.018275	0	0.214141	0	0.0208525	0	0.0074699	0.0027323
3	0.0050828	0	0.0267306	0.2171471	0.138195	0.0007666	0	0	0	0	0.0662395	0	0.0497054	0.0076287	0	0	0	0.0093069	0	0.019581	0	0	0	0.0074325	0	0.0035315	0	0	0	0.0301648	0.4184876	0	0	0	0	0
3	0	0.002512	0	0.2648191	0.2107963	0.0284696	0.0693179	0	0	0	0.0670941	0	0.0549957	0	0	0	0.0077529	0	0	0.0740085	0	0	0	0	0	0	0.0083718	0	0	0	0.1446871	0	0	0	0.067175	0
3	0	0	0	0.1907324	0.159457	0.033539	0.0044766	0.0081469	0.0135229	0	0.031022	0	0.1144339	0	0	0	0	0	0	0.0036637	0.0687022	0	0	0	0.0193324	0.0033403	0	0	0.0085043	0	0.2448977	0	0	0.0104629	0.0857658	0
3	0.0253356	0	0	0.4503438	0.1891126	0	0	0	0	0	0	9.77e-05	0.0403957	0	0	0.0331651	0	0	0	0	0	0	0	0	0	0	0	0	0	0	0.2304172	0	0	0	0	0.0311323
3	0.0357742	0	0.0203251	0.3492721	0.18254	0.0552198	0.0089851	0	0.0254072	0	0	0	0.0729093	0	0	0	0.0002958	0	0	0	0.0300315	0	0	0	0	0	0.0308119	0	0	0	0.1884279	0	0	0	0	0
3	0.0158129	0	0	0.2862652	0.4116145	0.0636023	0	0	0.0077896	0	0.0189853	0	0.0502092	0	0	0	0.0091174	0	0.0049357	0	0	0.0174172	0.0113986	0	0	0	0	0	0	0	0.0869724	0	0	0.0158796	0	0
3	0.058903	0.0327124	0.0206002	0.1796857	0.0764893	0	0.0005201	0	0.0037728	0	0.0834777	0	0.0163949	0	0	0	0	0.0097482	0	0	0	0.0196763	0	0	0.0021738	0	0	0	0.0190239	0	0.4608672	0	0.0074917	0.0084628	0	0
3	0	0.0118681	0	0.3664774	0.156168	0.0756242	0	0	0	0	0	0	0.0008735	0.0057569	0	0.0209873	0	0	0	0	0.0179503	0	0.0202839	0	0	0	0	0	0	0	0.313662	0.0103485	0	0	0	0
3	0	0	0.0326751	0.0667909	0.2197577	0	0	0	0	0	0.0285724	0	0.018265	0	0	0	0	0	0	0	0	0	0.0047724	0	0	0	0	0	0.0881881	0.0491611	0.449988	0	0.0418292	0	0	0
3	0	0	0.0083883	0.3997441	0.2189865	0.0187025	0.0048803	0	0	0	0.0407563	0	0.0293313	0	0	0	0	0	0	0.0189309	0	0.0024807	0	0	0	0	0	0	0	0.0630521	0.194747	0	0	0	0	0
3	0.0313438	0.0101652	0.1465895	0.0609597	0.1153593	0.040933	0.0118975	0	0.0261478	0	0.0389436	0	0.0014876	0	0.0150868	0.0047083	0.0093856	0.0178402	0.0062907	0.0383696	0	0	0	0	0.0064125	0	0.0320332	0	0.0485513	0.0420242	0.2498198	0	0.0111152	0.0101379	0	0.0243976
3	0	0	0	0.1413579	0.3251203	0.0456884	0	0	0	0	0	0.0143467	0.0233671	0.0026031	0	0	0	0	0	0.0082453	0	0	0	0	0	0.0009636	0	0	0	0	0.4092681	0.022165	0	0	0	0.0068745
3	0	0.0091004	0	0.270476	0.2042178	0	0.0014306	0	0	0	0.0127312	0	0	0	0	0	0	0	0	0	0	0.0018785	0	0.0410489	0.0261984	0	0	0	0	0	0.4261521	0	0.0067663	0	0	0
3	0	0	0.0241653	0.2174944	0.1162934	0.0169097	0.0216286	0.0160164	0.0101213	0	0	0	0.0574117	0	0	0	0	0	0	1.53e-05	0	0	0	0.0010308	0.0609234	0	0.0102609	0	0	0	0.4447795	0.00042	0	0	0	0.0025293
3	0	0	0	0.1854106	0.0560442	0.0363394	0	0	0	0	0	0	0.2901251	0.0027374	0	0	0	0	0	0.0014616	0	0	0	0	0	0	0	0	0	0	0.4278816	0	0	0	0	0
4	0	0	0.0223758	0.3406217	0.1356531	0.0665788	0	0	0.0316789	0	0.0170515	0	0.0191502	0	0	0	0	0.0312962	0.0207093	0.0453807	0	0	0	0	0	0	0	0	0	0	0.2695039	0	0	0	0	0
4	0	0.0103302	0	0.2033789	0.1913004	0	0	0.0053292	0	0	0.0117488	0	0.0818723	0	0	0	0	0	0	0	0.000215	0	0	0	0	0	0	0	0	0	0.4939139	0.0019113	0	0	0	0
4	0.0217158	0	0	0.3500263	0.2717676	0	0	0	0	0	0.0347721	0	0	0.0147388	0	0	0	0	0	0	0	0	0	0.0115656	0.0500984	0	0.0055227	0	0	0	0.0865004	0	0	0	0.1505	0.0027922
4	0	0.0069295	0	0.180995	0.1529992	0.0299984	0	0	0	0	0.0252014	0	0.0361801	0	0	0	0	0	0	0.1072965	0	0.0208526	0	0	0.022738	0	0	0	0.0354583	0.0206212	0.342798	0	0.0028493	0	0.0150825	0
4	0	0	0.0150132	0.1249948	0.2951597	0	0.0104763	0	0	0	0.0501585	0	0.0436906	0.0295627	0	0	0	0	0	0.0368945	0	0	0	0.0024132	0.0017861	0	0	0	0.013838	0	0.3570557	0	0.0189568	0	0	0
4	0	0	0.0030338	0.2603782	0.0358578	0	0	0.0083811	0	0	0.0008826	0	0.1311398	0	0	0	0.0054549	0	0	0.0584264	0	0	0	0	0	0	0	0	0	0	0.4753776	0	0	0.0210679	0	0
4	0.0014463	0.0069069	0.0199042	0.416232	0.2030423	0.0205525	0.000131	0	0.0462891	0	0.0924046	0	0	0	0	0	0	0.0082477	0	0.0257321	0	0	0.0028049	0	0	0	0	0	0	0	0.1240816	0	0.0187039	0.0001542	0	0.0133668
4	0	0	0.0073058	0.4413594	0.15023	0	0.0106497	0	0	0	0.0990422	0	0.0402146	0	0	0	0.0158569	0	0.006564	0.0236436	0	0	0	0.0227145	0	0.0089539	0.0237526	0	0	0.0220716	0.1142516	0	0	0.0133896	0	0
4	0	0	0.0077532	0.0520924	0.0046362	0	0	0.0077876	0.1960074	0.0186253	0.0346246	0.1171347	0	0	0	0.204398	0	0	0	0	0	0	0.0620914	0.0236452	0.0242082	0	0	0.0220629	0	0.0087074	0.0019685	0.10134	0	0	0.1064245	0.0064926
4	0.0370439	0	0	0.3560085	0.2198872	0.0139979	0	0	0.0262068	0.0190845	0	0.0067745	0	0	0	0	0.0138252	0	0	0.0119646	0	0.0115394	0.0020407	0.0181276	0	0	0	0	0	0	0.2634993	0	0	0	0	0
4	0.0379582	0.0035354	0.0181739	0.1166655	0.2146894	0.0422425	0.0117432	0	0	0	0	0.0070479	0.0262933	0.0291972	0.0009287	0.0100777	0	0	0	0	0	0	0	0	0.0399408	0	0	0	0	0.0075724	0.4013912	0	0.0325426	0	0	0
4	0	0.0118999	0.0104373	0.1711776	0.2056281	0	0.0156415	0	0	0	0.1177282	0	0.0269284	0	0	0.001773	0	0.0103083	0	0.0173089	0	0	0	0	0	0	0	0.0069727	0	0	0.3529506	0	0.0089143	0	0.0382622	0.0040691
4	0	0.0045234	0.0019728	0.3384687	0.2066323	0	0	0	0	0	0.0138411	0.0185389	0.0282352	0.0039309	0	0	0.0018952	0	0.0042246	0	0	0	0	0	0.0282854	0	0	0	0	0.0182379	0.2888208	0	0.0275245	0	0.0148685	0
4	0.0462466	0	7.33e-05	0.5028133	0.1502996	0.0552333	0.0166658	0	0.0019452	0	0	0.0048266	0.0137052	0	0.0131095	0	0	0	0	0	0	0	0	0.0059165	0	0	0	0	0	0	0.1891651	0	0	0	0	0
4	0	0	0	0.2770709	0.0939625	0.098841	0	0	0	0.02893	0.0624043	0.0343734	0.0954122	0	0	0	0	0	0	0.0235647	0	0	0	0.0139828	0	0	0	0	0	0	0.2199625	0.028495	0	0.0230009	0	0
4	0	0.0085971	0.0274304	0.1806709	0.2386297	0.0628162	0.0006576	0	0.0234942	0	0.0248833	0	0.0600481	0.0115257	0	0	0	0	0	0	0	0	0	0	0	0	0	0	0	0	0.3612469	0	0	0	0	0
2	0	0	0.0261383	0.3109046	0.2706173	0.0121352	0.0340064	0	0	0	0	0	0.00059	0	0	0	0	0.0234994	0	0.0126462	0	0	0	0.0284134	0	0	0	0	0	0	0.2552068	0	0.0258423	0	0	0
1	0	0	0.0364012	0.0291741	0	0	0.2054366	0.0144743	0.06358	0	0	0	0.2518835	0	0	0	0.0179592	0	0.0593466	0	0	0	0	0.0119051	0	0.0127931	0	0.0750259	0	0.0483421	0.1233492	0	0	0.050329	0	0
2	0	0	0.0127535	0.083551	0.112439	0.055665	0	0	0	0.0296345	0.1417804	0	0	0	0	0.0100799	0.0008172	0	0	0.0193669	0	0.0048464	0	0	0	0	0	0	0.0278719	0.1348557	0.3478999	0	0.0184386	0	0	0
2	0.0096813	0.013481	0.0038014	0.2547851	0.0555679	0.0396661	0.020235	0	0.0506689	0	0.0495752	0.0132352	0.0239189	0	0	0	0	0	0	0.0092111	0	0	0.0307495	0.0039592	0	0	0.0281667	0	0.0025326	0	0.3879649	0	0	0.0028001	0	0
4	0	0	0	0.2556325	0.2173229	0.0921738	0	0	0.0104491	0	0.1615402	0	0.0953102	0	0	0	0.0110825	0	0	0	0	0	0	0	0	0	0	0	0	0	0.1564888	0	0	0	0	0
3	0	0.0047039	0	0.2651018	0.0508906	0.0180038	0	0	0.0111222	0	0.0040701	0	0.0026108	0.0082751	0	0	0	0.0524709	0.0019838	0	0	0.0109951	0	0.0171376	0	0	0	0	0	0.0249944	0.4691749	0	0	0	0.0584651	0
4	0	0.001822	0	0.4421738	0.1344265	0.0749561	0.0740303	0.0156203	0.0036147	0	0.0435894	0	0.0512971	0	0	0	0	0.0135233	0	0.0179493	0	0	0	0	0	0	0	0.0054811	0	0	0.1215161	0	0	0	0	0
